{
  "generated_by": {
    "program": "augur",
    "version": "7.0.2"
  },
  "models": {
    "country_exposure": {
      "alphabet": [
        "Australia",
        "China",
        "France",
        "Germany",
        "Greece",
        "Guam",
        "India",
        "Iran",
        "Jamaica",
        "Japan",
        "Malaysia",
        "Netherlands",
        "Spain",
        "Sri Lanka",
        "Taiwan",
        "Thailand",
        "USA",
        "Uruguay",
        "Vietnam",
        "?"
      ],
      "equilibrium_probabilities": [
        0.02761428100364677,
        0.031721703881038676,
        0.03364985937940986,
        0.05594750823638082,
        0.03366753391799016,
        0.06363614271054875,
        0.029012047303207122,
        0.059044471337738304,
        0.05857826092266661,
        0.06297269578611062,
        0.06363614271054877,
        0.05595853984660499,
        0.060635921211740114,
        0.06266706210742587,
        0.06266706210742566,
        0.04921511087507607,
        0.07022701229487911,
        0.06107260388272819,
        0.05807604048483353
      ],
      "rate": 354.21901428453543,
      "transition_matrix": [
        [
          0.0,
          0.9950781939552795,
          1.3098878743795734,
          0.9175956868842593,
          2.2148615517052903,
          0.9157200581867591,
          1.4193063647623436,
          1.0845245802057841,
          1.1713937111383128,
          0.946115882041908,
          0.9157200581867591,
          0.9158621411090461,
          1.3783715133499403,
          1.2266772885867,
          1.226677288586699,
          0.932915235147959,
          7.869649388256877,
          0.9154960456098246,
          0.918223321645527
        ],
        [
          0.9950781939552795,
          0.0,
          1.1609535781810856,
          0.9909629426064722,
          0.9172963369187895,
          0.9158673075029823,
          0.9962305819359653,
          0.9418255382314953,
          0.9161840749366037,
          0.9158979323407145,
          0.9158673075029821,
          1.373721947214491,
          1.2330401711598145,
          0.9243246774540997,
          0.9243246774540997,
          1.68557105784827,
          3.4272204281295666,
          1.230294676907904,
          1.1802816923084565
        ],
        [
          1.3098878743795734,
          1.1609535781810856,
          0.0,
          1.0096525389937256,
          0.9164764409447893,
          0.9234637286721981,
          1.7744628267151168,
          0.9171288823174459,
          0.9160321533392877,
          0.9155660746857969,
          0.9234637286721973,
          0.9159193740302067,
          0.9153249177124174,
          0.9162359723107276,
          0.9162359723107278,
          0.9164926070745545,
          4.1737074519263215,
          0.9153214033619076,
          0.9166520865973593
        ],
        [
          0.9175956868842593,
          0.9909629426064722,
          1.0096525389937256,
          0.0,
          0.9156242167988902,
          0.9153213084181652,
          0.916339582711917,
          0.9161358304963569,
          0.9156242232279096,
          0.9155211965685686,
          0.9153213084181652,
          0.9155849083917659,
          0.9153266113341346,
          0.9158188104820676,
          0.9158188104820676,
          0.9158856044531746,
          1.2733607459669252,
          0.9154219593943318,
          0.916016371380002
        ],
        [
          2.2148615517052903,
          0.9172963369187895,
          0.9164764409447893,
          0.9156242167988902,
          0.0,
          0.9147961898906073,
          1.3772902463814378,
          0.9164324580518706,
          0.9159437539765681,
          1.312954246218788,
          0.9147961898906073,
          0.9148781964618892,
          0.9148960364536975,
          0.9159020122997059,
          0.9159020122997061,
          0.9152256118703218,
          3.6805683486530567,
          0.9148065287998806,
          0.9156882052612557
        ],
        [
          0.9157200581867591,
          0.9158673075029823,
          0.9234637286721981,
          0.9153213084181652,
          0.9147961898906073,
          0.0,
          1.3567763997367561,
          0.9157430530913968,
          0.9151446346814781,
          0.9151140223663258,
          0.9189006479610339,
          0.9149128790755716,
          0.914804154382446,
          0.9154355519034704,
          0.9154355519034704,
          0.9149221491501693,
          0.9190434687470396,
          0.914925132173157,
          0.9153272979748649
        ],
        [
          1.4193063647623436,
          0.9962305819359653,
          1.7744628267151168,
          0.916339582711917,
          1.3772902463814378,
          1.3567763997367561,
          0.0,
          0.9573583561992427,
          0.9153878661205112,
          0.9149186171242767,
          1.3567763997367566,
          0.914728497427781,
          0.9145303881116504,
          0.928848284626326,
          0.9288482846263266,
          0.9159423035530544,
          5.246152298571498,
          0.9144290526085984,
          0.9157888966878834
        ],
        [
          1.0845245802057841,
          0.9418255382314953,
          0.9171288823174459,
          0.9161358304963569,
          0.9164324580518706,
          0.9157430530913968,
          0.9573583561992427,
          0.0,
          0.9160283501777328,
          0.91583467719636,
          0.9157430530913968,
          0.9157313836763648,
          0.9157491062838323,
          0.9783005693681848,
          0.978300569368189,
          0.9159539916775544,
          1.123112115634198,
          0.9156731495674781,
          0.9161753188416225
        ],
        [
          1.1713937111383128,
          0.9161840749366037,
          0.9160321533392877,
          0.9156242232279096,
          0.9159437539765681,
          0.9151446346814781,
          0.9153878661205112,
          0.9160283501777328,
          0.0,
          0.915366157673952,
          0.9151446346814781,
          0.9151887289323777,
          0.9151811199337369,
          0.9157717011722154,
          0.9157717011722154,
          0.9153076088757929,
          1.1412199164775916,
          0.9151657931486521,
          0.9156433091098977
        ],
        [
          0.946115882041908,
          0.9158979323407145,
          0.9155660746857969,
          0.9155211965685686,
          1.312954246218788,
          0.9151140223663258,
          0.9149186171242767,
          0.91583467719636,
          0.915366157673952,
          0.0,
          0.9151140223663258,
          0.9151201618676932,
          0.9150366624848818,
          0.9155978421316086,
          0.9155978421316088,
          0.9151674674437896,
          0.9770360940051284,
          0.9151166412237226,
          0.9155265484485158
        ],
        [
          0.9157200581867591,
          0.9158673075029821,
          0.9234637286721973,
          0.9153213084181652,
          0.9147961898906073,
          0.9189006479610339,
          1.3567763997367566,
          0.9157430530913968,
          0.9151446346814781,
          0.9151140223663258,
          0.0,
          0.9149128790755716,
          0.914804154382446,
          0.9154355519034704,
          0.9154355519034704,
          0.9149221491501693,
          0.9190434687470393,
          0.914925132173157,
          0.9153272979748649
        ],
        [
          0.9158621411090461,
          1.373721947214491,
          0.9159193740302067,
          0.9155849083917659,
          0.9148781964618892,
          0.9149128790755716,
          0.914728497427781,
          0.9157313836763648,
          0.9151887289323777,
          0.9151201618676932,
          0.9149128790755716,
          0.0,
          0.914818143701091,
          0.9154199410802489,
          0.9154199410802489,
          0.9150621159699248,
          1.3666518356010295,
          0.9149043840967419,
          0.9156595972056034
        ],
        [
          1.3783715133499403,
          1.2330401711598145,
          0.9153249177124174,
          0.9153266113341346,
          0.9148960364536975,
          0.914804154382446,
          0.9145303881116504,
          0.9157491062838323,
          0.9151811199337369,
          0.9150366624848818,
          0.914804154382446,
          0.914818143701091,
          0.0,
          0.9154474504284129,
          0.9154474504284129,
          0.9157171311584764,
          1.0548728195952144,
          0.9150618992205486,
          0.9153810035775282
        ],
        [
          1.2266772885867,
          0.9243246774540997,
          0.9162359723107276,
          0.9158188104820676,
          0.9159020122997059,
          0.9154355519034704,
          0.928848284626326,
          0.9783005693681848,
          0.9157717011722154,
          0.9155978421316086,
          0.9154355519034704,
          0.9154199410802489,
          0.9154474504284129,
          0.0,
          1.048446470009805,
          0.9155176915607599,
          0.9859180105521644,
          0.9153973954385718,
          0.9158393214566636
        ],
        [
          1.226677288586699,
          0.9243246774540997,
          0.9162359723107278,
          0.9158188104820676,
          0.9159020122997061,
          0.9154355519034704,
          0.9288482846263266,
          0.978300569368189,
          0.9157717011722154,
          0.9155978421316088,
          0.9154355519034704,
          0.9154199410802489,
          0.9154474504284129,
          1.048446470009805,
          0.0,
          0.9155176915607599,
          0.9859180105521665,
          0.9153973954385718,
          0.9158393214566638
        ],
        [
          0.932915235147959,
          1.68557105784827,
          0.9164926070745545,
          0.9158856044531746,
          0.9152256118703218,
          0.9149221491501693,
          0.9159423035530544,
          0.9159539916775544,
          0.9153076088757929,
          0.9151674674437896,
          0.9149221491501693,
          0.9150621159699248,
          0.9157171311584764,
          0.9155176915607599,
          0.9155176915607599,
          0.0,
          1.9708136888474395,
          0.9157671768258469,
          0.916041010244164
        ],
        [
          7.869649388256877,
          3.4272204281295666,
          4.1737074519263215,
          1.2733607459669252,
          3.6805683486530567,
          0.9190434687470396,
          5.246152298571498,
          1.123112115634198,
          1.1412199164775916,
          0.9770360940051284,
          0.9190434687470393,
          1.3666518356010295,
          1.0548728195952144,
          0.9859180105521644,
          0.9859180105521665,
          1.9708136888474395,
          0.0,
          1.0528838670827372,
          1.1676652553170077
        ],
        [
          0.9154960456098246,
          1.230294676907904,
          0.9153214033619076,
          0.9154219593943318,
          0.9148065287998806,
          0.914925132173157,
          0.9144290526085984,
          0.9156731495674781,
          0.9151657931486521,
          0.9151166412237226,
          0.914925132173157,
          0.9149043840967419,
          0.9150618992205486,
          0.9153973954385718,
          0.9153973954385718,
          0.9157671768258469,
          1.0528838670827372,
          0.0,
          0.9154769205001994
        ],
        [
          0.918223321645527,
          1.1802816923084565,
          0.9166520865973593,
          0.916016371380002,
          0.9156882052612557,
          0.9153272979748649,
          0.9157888966878834,
          0.9161753188416225,
          0.9156433091098977,
          0.9155265484485158,
          0.9153272979748649,
          0.9156595972056034,
          0.9153810035775282,
          0.9158393214566636,
          0.9158393214566638,
          0.916041010244164,
          1.1676652553170077,
          0.9154769205001994,
          0.0
        ]
      ]
    }
  },
  "nodes": {
    "Australia/VIC05/2020": {
      "country_exposure": "Australia",
      "country_exposure_confidence": {
        "Australia": 1.0
      },
      "country_exposure_entropy": -1.000088900581841e-12
    },
    "Australia/VIC1018/2020": {
      "country_exposure": "Australia",
      "country_exposure_confidence": {
        "Australia": 1.0
      },
      "country_exposure_entropy": -1.000088900581841e-12
    },
    "Australia/VIC1038/2020": {
      "country_exposure": "Australia",
      "country_exposure_confidence": {
        "Australia": 1.0
      },
      "country_exposure_entropy": -1.000088900581841e-12
    },
    "Australia/VIC1045/2020": {
      "country_exposure": "Australia",
      "country_exposure_confidence": {
        "Australia": 1.0
      },
      "country_exposure_entropy": -1.000088900581841e-12
    },
    "Australia/VIC1062/2020": {
      "country_exposure": "Australia",
      "country_exposure_confidence": {
        "Australia": 1.0
      },
      "country_exposure_entropy": -1.000088900581841e-12
    },
    "Australia/VIC1175/2020": {
      "country_exposure": "Australia",
      "country_exposure_confidence": {
        "Australia": 1.0
      },
      "country_exposure_entropy": -1.000088900581841e-12
    },
    "Australia/VIC1186/2020": {
      "country_exposure": "Australia",
      "country_exposure_confidence": {
        "Australia": 1.0
      },
      "country_exposure_entropy": -1.000088900581841e-12
    },
    "Australia/VIC1208/2020": {
      "country_exposure": "Australia",
      "country_exposure_confidence": {
        "Australia": 1.0
      },
      "country_exposure_entropy": -1.000088900581841e-12
    },
    "Australia/VIC1251/2020": {
      "country_exposure": "Australia",
      "country_exposure_confidence": {
        "Australia": 1.0
      },
      "country_exposure_entropy": -1.000088900581841e-12
    },
    "Australia/VIC127/2020": {
      "country_exposure": "Australia",
      "country_exposure_confidence": {
        "Australia": 1.0
      },
      "country_exposure_entropy": -1.000088900581841e-12
    },
    "Australia/VIC14/2020": {
      "country_exposure": "Australia",
      "country_exposure_confidence": {
        "Australia": 1.0
      },
      "country_exposure_entropy": -1.000088900581841e-12
    },
    "Australia/VIC187/2020": {
      "country_exposure": "Australia",
      "country_exposure_confidence": {
        "Australia": 1.0
      },
      "country_exposure_entropy": -1.000088900581841e-12
    },
    "Australia/VIC207/2020": {
      "country_exposure": "Australia",
      "country_exposure_confidence": {
        "Australia": 1.0
      },
      "country_exposure_entropy": -1.000088900581841e-12
    },
    "Australia/VIC248/2020": {
      "country_exposure": "Australia",
      "country_exposure_confidence": {
        "Australia": 1.0
      },
      "country_exposure_entropy": -1.000088900581841e-12
    },
    "Australia/VIC302/2020": {
      "country_exposure": "Australia",
      "country_exposure_confidence": {
        "Australia": 1.0
      },
      "country_exposure_entropy": -1.000088900581841e-12
    },
    "Australia/VIC548/2020": {
      "country_exposure": "Australia",
      "country_exposure_confidence": {
        "Australia": 1.0
      },
      "country_exposure_entropy": -1.000088900581841e-12
    },
    "Australia/VIC645/2020": {
      "country_exposure": "Australia",
      "country_exposure_confidence": {
        "Australia": 1.0
      },
      "country_exposure_entropy": -1.000088900581841e-12
    },
    "Australia/VIC824/2020": {
      "country_exposure": "Australia",
      "country_exposure_confidence": {
        "Australia": 1.0
      },
      "country_exposure_entropy": -1.000088900581841e-12
    },
    "Australia/VIC851/2020": {
      "country_exposure": "Australia",
      "country_exposure_confidence": {
        "Australia": 1.0
      },
      "country_exposure_entropy": -1.000088900581841e-12
    },
    "Australia/VIC927/2020": {
      "country_exposure": "Australia",
      "country_exposure_confidence": {
        "Australia": 1.0
      },
      "country_exposure_entropy": -1.000088900581841e-12
    },
    "Australia/VIC969/2020": {
      "country_exposure": "Australia",
      "country_exposure_confidence": {
        "Australia": 1.0
      },
      "country_exposure_entropy": -1.000088900581841e-12
    },
    "China/Beijing_IME-BJ05/2020": {
      "country_exposure": "China",
      "country_exposure_confidence": {
        "China": 0.9999999999999999
      },
      "country_exposure_entropy": -9.99866855976916e-13
    },
    "China/WHUHnCoV020/2020": {
      "country_exposure": "China",
      "country_exposure_confidence": {
        "China": 1.0
      },
      "country_exposure_entropy": -1.000088900581841e-12
    },
    "China/Wuhan_YB012611/2020": {
      "country_exposure": "China",
      "country_exposure_confidence": {
        "China": 1.0
      },
      "country_exposure_entropy": -1.000088900581841e-12
    },
    "ENV/USA/UF-11/2020": {
      "country_exposure": "USA",
      "country_exposure_confidence": {
        "USA": 1.0
      },
      "country_exposure_entropy": -1.000088900581841e-12
    },
    "France/10006HC/2020": {
      "country_exposure": "France",
      "country_exposure_confidence": {
        "France": 1.0
      },
      "country_exposure_entropy": -1.000088900581841e-12
    },
    "France/10015BY/2020": {
      "country_exposure": "France",
      "country_exposure_confidence": {
        "France": 1.0
      },
      "country_exposure_entropy": -1.000088900581841e-12
    },
    "France/10023FD/2020": {
      "country_exposure": "France",
      "country_exposure_confidence": {
        "France": 1.0
      },
      "country_exposure_entropy": -1.000088900581841e-12
    },
    "France/10041MR/2020": {
      "country_exposure": "France",
      "country_exposure_confidence": {
        "France": 0.9999999999999999
      },
      "country_exposure_entropy": -9.99866855976916e-13
    },
    "France/10045DZ/2020": {
      "country_exposure": "France",
      "country_exposure_confidence": {
        "France": 1.0
      },
      "country_exposure_entropy": -1.000088900581841e-12
    },
    "France/10060KV/2020": {
      "country_exposure": "France",
      "country_exposure_confidence": {
        "France": 1.0
      },
      "country_exposure_entropy": -1.000088900581841e-12
    },
    "France/10068ND/2020": {
      "country_exposure": "France",
      "country_exposure_confidence": {
        "France": 1.0
      },
      "country_exposure_entropy": -1.000088900581841e-12
    },
    "France/10078MA/2020": {
      "country_exposure": "France",
      "country_exposure_confidence": {
        "France": 1.0
      },
      "country_exposure_entropy": -1.000088900581841e-12
    },
    "France/40003KA/2020": {
      "country_exposure": "France",
      "country_exposure_confidence": {
        "France": 1.0
      },
      "country_exposure_entropy": -1.000088900581841e-12
    },
    "France/50001AR/2020": {
      "country_exposure": "France",
      "country_exposure_confidence": {
        "France": 1.0
      },
      "country_exposure_entropy": -1.000088900581841e-12
    },
    "Germany/BavPat1-ChVir929/2020": {
      "country_exposure": "Germany",
      "country_exposure_confidence": {
        "Germany": 0.9999999999999999
      },
      "country_exposure_entropy": -9.99866855976916e-13
    },
    "Germany/BavPat3-ChVir1020/2020": {
      "country_exposure": "Germany",
      "country_exposure_confidence": {
        "Germany": 0.9999999999999999
      },
      "country_exposure_entropy": -9.99866855976916e-13
    },
    "Greece/139_32716/2020": {
      "country_exposure": "Greece",
      "country_exposure_confidence": {
        "Greece": 0.9999999999999999
      },
      "country_exposure_entropy": -9.99866855976916e-13
    },
    "Greece/209_33926/2020": {
      "country_exposure": "Greece",
      "country_exposure_confidence": {
        "Greece": 1.0
      },
      "country_exposure_entropy": -1.000088900581841e-12
    },
    "Greece/222_33921/2020": {
      "country_exposure": "Greece",
      "country_exposure_confidence": {
        "Greece": 1.0
      },
      "country_exposure_entropy": -1.000088900581841e-12
    },
    "Greece/226_35576/2020": {
      "country_exposure": "Greece",
      "country_exposure_confidence": {
        "Greece": 0.9999999999999999
      },
      "country_exposure_entropy": -9.99866855976916e-13
    },
    "Greece/227_35969/2020": {
      "country_exposure": "Greece",
      "country_exposure_confidence": {
        "Greece": 1.0
      },
      "country_exposure_entropy": -1.000088900581841e-12
    },
    "Greece/246_32206/2020": {
      "country_exposure": "Greece",
      "country_exposure_confidence": {
        "Greece": 1.0
      },
      "country_exposure_entropy": -1.000088900581841e-12
    },
    "Greece/248_32261/2020": {
      "country_exposure": "Greece",
      "country_exposure_confidence": {
        "Greece": 1.0
      },
      "country_exposure_entropy": -1.000088900581841e-12
    },
    "Greece/259_31928/2020": {
      "country_exposure": "Greece",
      "country_exposure_confidence": {
        "Greece": 1.0
      },
      "country_exposure_entropy": -1.000088900581841e-12
    },
    "Greece/37_35684/2020": {
      "country_exposure": "Greece",
      "country_exposure_confidence": {
        "Greece": 0.9999999999999999
      },
      "country_exposure_entropy": -9.99866855976916e-13
    },
    "Greece/41_36861/2020": {
      "country_exposure": "Greece",
      "country_exposure_confidence": {
        "Greece": 1.0
      },
      "country_exposure_entropy": -1.000088900581841e-12
    },
    "Guam/GU-NHG-01/2020": {
      "country_exposure": "Guam",
      "country_exposure_confidence": {
        "Guam": 1.0
      },
      "country_exposure_entropy": -1.000088900581841e-12
    },
    "Hangzhou/HZ-1/2020": {
      "country_exposure": "China",
      "country_exposure_confidence": {
        "China": 1.0
      },
      "country_exposure_entropy": -1.000088900581841e-12
    },
    "India/GBRC14/2020": {
      "country_exposure": "India",
      "country_exposure_confidence": {
        "India": 1.0
      },
      "country_exposure_entropy": -1.000088900581841e-12
    },
    "India/GBRC20/2020": {
      "country_exposure": "India",
      "country_exposure_confidence": {
        "India": 1.0
      },
      "country_exposure_entropy": -1.000088900581841e-12
    },
    "India/GBRC21/2020": {
      "country_exposure": "India",
      "country_exposure_confidence": {
        "India": 1.0
      },
      "country_exposure_entropy": -1.000088900581841e-12
    },
    "India/GBRC26/2020": {
      "country_exposure": "India",
      "country_exposure_confidence": {
        "India": 1.0
      },
      "country_exposure_entropy": -1.000088900581841e-12
    },
    "India/GBRC29/2020": {
      "country_exposure": "India",
      "country_exposure_confidence": {
        "India": 1.0
      },
      "country_exposure_entropy": -1.000088900581841e-12
    },
    "India/GBRC51/2020": {
      "country_exposure": "India",
      "country_exposure_confidence": {
        "India": 1.0
      },
      "country_exposure_entropy": -1.000088900581841e-12
    },
    "India/GBRC56a/2020": {
      "country_exposure": "India",
      "country_exposure_confidence": {
        "India": 1.0
      },
      "country_exposure_entropy": -1.000088900581841e-12
    },
    "India/GBRC72b/2020": {
      "country_exposure": "India",
      "country_exposure_confidence": {
        "India": 1.0
      },
      "country_exposure_entropy": -1.000088900581841e-12
    },
    "India/GBRC8/2020": {
      "country_exposure": "India",
      "country_exposure_confidence": {
        "India": 1.0
      },
      "country_exposure_entropy": -1.000088900581841e-12
    },
    "India/GBRC85/2020": {
      "country_exposure": "India",
      "country_exposure_confidence": {
        "India": 1.0
      },
      "country_exposure_entropy": -1.000088900581841e-12
    },
    "India/GBRC88a/2020": {
      "country_exposure": "India",
      "country_exposure_confidence": {
        "India": 1.0
      },
      "country_exposure_entropy": -1.000088900581841e-12
    },
    "India/GBRC9/2020": {
      "country_exposure": "India",
      "country_exposure_confidence": {
        "India": 1.0
      },
      "country_exposure_entropy": -1.000088900581841e-12
    },
    "India/GBRC96/2020": {
      "country_exposure": "India",
      "country_exposure_confidence": {
        "India": 1.0
      },
      "country_exposure_entropy": -1.000088900581841e-12
    },
    "India/GBRC97a/2020": {
      "country_exposure": "India",
      "country_exposure_confidence": {
        "India": 0.9999999999999999
      },
      "country_exposure_entropy": -9.99866855976916e-13
    },
    "India/GBRC97b/2020": {
      "country_exposure": "India",
      "country_exposure_confidence": {
        "India": 0.9999999999999999
      },
      "country_exposure_entropy": -9.99866855976916e-13
    },
    "India/GMC-KP1125/2020": {
      "country_exposure": "India",
      "country_exposure_confidence": {
        "India": 1.0
      },
      "country_exposure_entropy": -1.000088900581841e-12
    },
    "India/GMCKN318/2020": {
      "country_exposure": "India",
      "country_exposure_confidence": {
        "India": 1.0
      },
      "country_exposure_entropy": -1.000088900581841e-12
    },
    "India/GMCTC469/2020": {
      "country_exposure": "India",
      "country_exposure_confidence": {
        "India": 1.0
      },
      "country_exposure_entropy": -1.000088900581841e-12
    },
    "India/nimh-2873/2020": {
      "country_exposure": "India",
      "country_exposure_confidence": {
        "India": 1.0
      },
      "country_exposure_entropy": -1.000088900581841e-12
    },
    "India/nimh-3952/2020": {
      "country_exposure": "India",
      "country_exposure_confidence": {
        "India": 1.0
      },
      "country_exposure_entropy": -1.000088900581841e-12
    },
    "Iran/HGRC-1.1-IPI-8206/2020": {
      "country_exposure": "Iran",
      "country_exposure_confidence": {
        "Iran": 1.0
      },
      "country_exposure_entropy": -1.000088900581841e-12
    },
    "Jamaica/JM-CDC-7286/2020": {
      "country_exposure": "Jamaica",
      "country_exposure_confidence": {
        "Jamaica": 1.0
      },
      "country_exposure_entropy": -1.000088900581841e-12
    },
    "Japan/P4-6/2020": {
      "country_exposure": "Japan",
      "country_exposure_confidence": {
        "Japan": 1.0
      },
      "country_exposure_entropy": -1.000088900581841e-12
    },
    "Malaysia/189332/2020": {
      "country_exposure": "Malaysia",
      "country_exposure_confidence": {
        "Malaysia": 1.0
      },
      "country_exposure_entropy": -1.000088900581841e-12
    },
    "NODE_0000002": {
      "country_exposure": "USA",
      "country_exposure_confidence": {
        "Australia": 0.004586815978692593,
        "France": 0.0010787078932619069,
        "India": 0.0015494129214689732,
        "USA": 0.9906595896530618
      },
      "country_exposure_entropy": 0.06888290714550836
    },
    "NODE_0000004": {
      "country_exposure": "USA",
      "country_exposure_confidence": {
        "Australia": 0.018640245186132214,
        "China": 0.0038260743360094642,
        "India": 0.001895704410451249,
        "USA": 0.9718178761562078
      },
      "country_exposure_entropy": 0.16429209713486712
    },
    "NODE_0000006": {
      "country_exposure": "India",
      "country_exposure_confidence": {
        "France": 0.003479847467821573,
        "India": 0.9736096625403856,
        "USA": 0.02009762739774921
      },
      "country_exposure_entropy": 0.1471126866354785
    },
    "NODE_0000007": {
      "country_exposure": "India",
      "country_exposure_confidence": {
        "France": 0.0013689026762657313,
        "India": 0.929404354218724,
        "USA": 0.06606045953297504
      },
      "country_exposure_entropy": 0.28270285499875536
    },
    "NODE_0000010": {
      "country_exposure": "Australia",
      "country_exposure_confidence": {
        "Australia": 0.8326498381461076,
        "Greece": 0.07097866590942993,
        "India": 0.0011532970650383952,
        "USA": 0.08925246581469592
      },
      "country_exposure_entropy": 0.6102650280583249
    },
    "NODE_0000012": {
      "country_exposure": "USA",
      "country_exposure_confidence": {
        "Australia": 0.02054714551753415,
        "India": 0.003807185549622514,
        "Thailand": 0.007519631676064631,
        "USA": 0.9601205497837795
      },
      "country_exposure_entropy": 0.232324732400088
    },
    "NODE_0000013": {
      "country_exposure": "USA",
      "country_exposure_confidence": {
        "Australia": 0.0068151280831061116,
        "France": 0.001123573441677036,
        "India": 0.001810885479545229,
        "USA": 0.9872296594956513
      },
      "country_exposure_entropy": 0.08950659578467045
    },
    "NODE_0000014": {
      "country_exposure": "USA",
      "country_exposure_confidence": {
        "Australia": 0.0068151280831061116,
        "France": 0.001123573441677036,
        "India": 0.001810885479545229,
        "USA": 0.9872296594956513
      },
      "country_exposure_entropy": 0.08950659578467045
    },
    "NODE_0000015": {
      "country_exposure": "USA",
      "country_exposure_confidence": {
        "Australia": 0.006629677918885669,
        "France": 0.021803004824517143,
        "India": 0.0025477976019665912,
        "USA": 0.9646026512052335
      },
      "country_exposure_entropy": 0.20010875447855364
    },
    "NODE_0000018": {
      "country_exposure": "USA",
      "country_exposure_confidence": {
        "Australia": 0.10746650354294585,
        "China": 0.09666560249287633,
        "India": 0.15286427289376228,
        "USA": 0.5968408144689045
      },
      "country_exposure_entropy": 1.3064091904897415
    },
    "NODE_0000019": {
      "country_exposure": "USA",
      "country_exposure_confidence": {
        "Australia": 0.23567432662465793,
        "Iran": 0.22424620970395703,
        "Sri Lanka": 0.05350287251295692,
        "USA": 0.27931073763180686
      },
      "country_exposure_entropy": 1.9622410278692297
    },
    "NODE_0000020": {
      "country_exposure": "Australia",
      "country_exposure_confidence": {
        "Australia": 0.4464408325932275,
        "Sri Lanka": 0.16711566969104127,
        "Taiwan": 0.16711566969104083,
        "USA": 0.11252627270604741
      },
      "country_exposure_entropy": 1.6638057049279904
    },
    "NODE_0000021": {
      "country_exposure": "Spain",
      "country_exposure_confidence": {
        "Spain": 0.9983932644978334
      },
      "country_exposure_entropy": 0.01554210494810275
    },
    "NODE_0000022": {
      "country_exposure": "Spain",
      "country_exposure_confidence": {
        "Spain": 0.9983552952119564
      },
      "country_exposure_entropy": 0.015618374613274475
    },
    "NODE_0000023": {
      "country_exposure": "India",
      "country_exposure_confidence": {
        "Australia": 0.007202782755118477,
        "France": 0.013694758684487239,
        "India": 0.8721356947341476,
        "USA": 0.08885436667104105
      },
      "country_exposure_entropy": 0.5409702082790252
    },
    "NODE_0000024": {
      "country_exposure": "India",
      "country_exposure_confidence": {
        "France": 0.04528146368010945,
        "Guam": 0.016178957949763303,
        "India": 0.8687591075539342,
        "USA": 0.04764073075709505
      },
      "country_exposure_entropy": 0.5852433202320041
    },
    "NODE_0000025": {
      "country_exposure": "Spain",
      "country_exposure_confidence": {
        "Australia": 0.025584408881110545,
        "Spain": 0.9646233458617792,
        "USA": 0.0033999838040045184
      },
      "country_exposure_entropy": 0.19781621573901187
    },
    "NODE_0000026": {
      "country_exposure": "China",
      "country_exposure_confidence": {
        "China": 0.848902268582161,
        "France": 0.008928063402162446,
        "India": 0.010580516160174046,
        "USA": 0.11316402536298786
      },
      "country_exposure_entropy": 0.5877178378508826
    },
    "NODE_0000029": {
      "country_exposure": "USA",
      "country_exposure_confidence": {
        "Australia": 0.15510051411833733,
        "China": 0.005305622069264094,
        "India": 0.011440082969457236,
        "USA": 0.8209041158450894
      },
      "country_exposure_entropy": 0.578658613749032
    },
    "NODE_0000030": {
      "country_exposure": "Australia",
      "country_exposure_confidence": {
        "Australia": 0.8279338689908955,
        "Greece": 0.014415940872560602,
        "India": 0.001574163694360823,
        "USA": 0.15204747891822162
      },
      "country_exposure_entropy": 0.5466128635504136
    },
    "NODE_0000031": {
      "country_exposure": "USA",
      "country_exposure_confidence": {
        "Australia": 0.005660796898518107,
        "France": 0.0011590329144365121,
        "India": 0.0018600856553178339,
        "USA": 0.9889596656773437
      },
      "country_exposure_entropy": 0.07894424525700552
    },
    "NODE_0000032": {
      "country_exposure": "USA",
      "country_exposure_confidence": {
        "Australia": 0.006108668921625187,
        "France": 0.001255177492094897,
        "India": 0.0020191348584670593,
        "USA": 0.9880864984531277
      },
      "country_exposure_entropy": 0.08422369552364845
    },
    "NODE_0000033": {
      "country_exposure": "USA",
      "country_exposure_confidence": {
        "Australia": 0.06607576148600175,
        "India": 0.00916350415309193,
        "Thailand": 0.08853433827275736,
        "USA": 0.8102888155972865
      },
      "country_exposure_entropy": 0.7633807752552858
    },
    "NODE_0000034": {
      "country_exposure": "USA",
      "country_exposure_confidence": {
        "Australia": 0.004345464785450618,
        "India": 0.0015233438059319112,
        "USA": 0.991106131508826
      },
      "country_exposure_entropy": 0.06610138298361552
    },
    "NODE_0000035": {
      "country_exposure": "USA",
      "country_exposure_confidence": {
        "Australia": 0.004345464785450618,
        "India": 0.0015233438059319112,
        "USA": 0.991106131508826
      },
      "country_exposure_entropy": 0.06610138298361552
    },
    "NODE_0000036": {
      "country_exposure": "USA",
      "country_exposure_confidence": {
        "Australia": 0.006310462363580678,
        "France": 0.0012782866831692029,
        "India": 0.002064243044958087,
        "USA": 0.9877828990542927
      },
      "country_exposure_entropy": 0.08594082098126037
    },
    "NODE_0000037": {
      "country_exposure": "USA",
      "country_exposure_confidence": {
        "Australia": 0.004379365758861069,
        "India": 0.0015296654226687363,
        "USA": 0.9910586158784028
      },
      "country_exposure_entropy": 0.0663815982251914
    },
    "NODE_0000038": {
      "country_exposure": "USA",
      "country_exposure_confidence": {
        "Australia": 0.005238066457112223,
        "France": 0.0011147781748506915,
        "India": 0.0017740762986707126,
        "USA": 0.98957821317557
      },
      "country_exposure_entropy": 0.07538642315929037
    },
    "NODE_0000039": {
      "country_exposure": "USA",
      "country_exposure_confidence": {
        "Australia": 0.004586815978692593,
        "France": 0.0010787078932619069,
        "India": 0.0015494129214689732,
        "USA": 0.9906595896530618
      },
      "country_exposure_entropy": 0.06888290714550836
    },
    "NODE_0000040": {
      "country_exposure": "USA",
      "country_exposure_confidence": {
        "Australia": 0.004198382719302752,
        "India": 0.0014889400180785283,
        "USA": 0.991333165061677
      },
      "country_exposure_entropy": 0.06473038091463515
    },
    "NODE_0000041": {
      "country_exposure": "China",
      "country_exposure_confidence": {
        "China": 0.7888285307249072,
        "Thailand": 0.004573140927078107,
        "USA": 0.20364806089598908
      },
      "country_exposure_entropy": 0.5580755485527525
    },
    "NODE_0000042": {
      "country_exposure": "China",
      "country_exposure_confidence": {
        "China": 0.8531123924669752,
        "France": 0.025772740920552567,
        "India": 0.004617245892493419,
        "USA": 0.10021790310027247
      },
      "country_exposure_entropy": 0.5915725827848058
    },
    "NODE_0000043": {
      "country_exposure": "China",
      "country_exposure_confidence": {
        "China": 0.9810181909080765,
        "France": 0.0014195098862828143,
        "USA": 0.014659023981582597
      },
      "country_exposure_entropy": 0.11427936728515198
    },
    "NODE_0000044": {
      "country_exposure": "USA",
      "country_exposure_confidence": {
        "Australia": 0.0012560062479468072,
        "China": 0.008709301021645154,
        "USA": 0.9888268335158484
      },
      "country_exposure_entropy": 0.07119404439034357
    },
    "NODE_0000045": {
      "country_exposure": "China",
      "country_exposure_confidence": {
        "China": 0.9673165529814771,
        "USA": 0.022413740927953868,
        "Vietnam": 0.00434819295250952
      },
      "country_exposure_entropy": 0.18684689326776693
    },
    "NODE_0000046": {
      "country_exposure": "China",
      "country_exposure_confidence": {
        "Australia": 0.01698339917726485,
        "China": 0.41780679939695053,
        "USA": 0.3105072889860621,
        "Vietnam": 0.1863699559506447
      },
      "country_exposure_entropy": 1.4741307745645025
    },
    "NODE_0000047": {
      "country_exposure": "USA",
      "country_exposure_confidence": {
        "Australia": 0.03713199784878839,
        "China": 0.07210962522933659,
        "USA": 0.8548607226366817,
        "Vietnam": 0.011855741024168243
      },
      "country_exposure_entropy": 0.6447662453815525
    },
    "NODE_0000048": {
      "country_exposure": "Spain",
      "country_exposure_confidence": {
        "China": 0.02112117382552583,
        "Spain": 0.9653296248135567,
        "USA": 0.0056317370510387
      },
      "country_exposure_entropy": 0.20473545838484367
    },
    "NODE_0000049": {
      "country_exposure": "USA",
      "country_exposure_confidence": {
        "Australia": 0.0912344894551383,
        "China": 0.03372857588421051,
        "India": 0.0036590994360533218,
        "USA": 0.860401536954591
      },
      "country_exposure_entropy": 0.5567034740156888
    },
    "NODE_0000051": {
      "country_exposure": "USA",
      "country_exposure_confidence": {
        "Australia": 0.3072192833548954,
        "China": 0.04634232356852465,
        "France": 0.004837631306906344,
        "USA": 0.6269075611139358
      },
      "country_exposure_entropy": 0.9203556618576106
    },
    "NODE_0000052": {
      "country_exposure": "USA",
      "country_exposure_confidence": {
        "Australia": 0.0056094871579376576,
        "China": 0.07844714562592203,
        "India": 0.0026975243446504525,
        "USA": 0.9036600891566873
      },
      "country_exposure_entropy": 0.4036561112763606
    },
    "NODE_0000053": {
      "country_exposure": "USA",
      "country_exposure_confidence": {
        "USA": 0.9998279061447314
      },
      "country_exposure_entropy": 0.0016693200313477223
    },
    "NODE_0000054": {
      "country_exposure": "USA",
      "country_exposure_confidence": {
        "Australia": 0.09857772428418028,
        "China": 0.1748895813870206,
        "France": 0.015171954040368366,
        "USA": 0.6883251837666496
      },
      "country_exposure_entropy": 0.9977656644665489
    },
    "NODE_0000055": {
      "country_exposure": "USA",
      "country_exposure_confidence": {
        "Australia": 0.03471686625813027,
        "China": 0.030933516367062423,
        "France": 0.042746681686737266,
